9
 0.00766635 0.01079602 0.01361917  0.01545573  0.01605858  0.01545573 0.01361917 0.01079602 0.00766635
 0.01079602 0.01484238 0.01765848  0.01840149  0.01825403  0.01840149 0.01765848 0.01484238 0.01079602
 0.01361917 0.01765848 0.01778915  0.01328689  0.01016040  0.01328689 0.01778915 0.01765848 0.01361917
 0.01545573 0.01840149 0.01328689 -0.00018876 -0.00825937 -0.00018876 0.01328689 0.01840149 0.01545573
 0.01605858 0.01825403 0.01016040 -0.00825937 -0.01903328 -0.00825937 0.01016040 0.01825403 0.01605858
 0.01545573 0.01840149 0.01328689 -0.00018876 -0.00825937 -0.00018876 0.01328689 0.01840149 0.01545573
 0.01361917 0.01765848 0.01778915  0.01328689  0.01016040  0.01328689 0.01778915 0.01765848 0.01361917
 0.01079602 0.01484238 0.01765848  0.01840149  0.01825403  0.01840149 0.01765848 0.01484238 0.01079602
 0.00766635 0.01079602 0.01361917  0.01545573  0.01605858  0.01545573 0.01361917 0.01079602 0.00766635